49124, 48858, 48446, 48445, 48848, 48447, 48479, 48455, 48621,
48926, 48531, 48624, 49083, 48661, 48625, 48838, 48627, 48653,
48631, 48706, 48593, 48667, 48540, 48449, 49171, 49251, 49123,
48472, 48493, 49967, 48672, 49289, 49176, 49978, 48662, 49980,
48489, 48683, 49062, 49994, 48670, 48502, 48680, 48598, 49478,
48666, 48665, 50006, 50004, 48745, 48451, 48658, 48510, 48468,
49070, 48546, 48591, 48448, 48600, 48649, 48599, 48549, 49046,
48851, 48461, 50026, 48571, 49194, 48577, 49199, 48673, 48480,
48641, 48454, 48536, 48452, 48626, 50039, 50041, 50056, 49403,
50074, 50066, 50075, 50076, 49510, 49993, 50095, 49216, 49603,
48633, 50094, 48679, 49060, 49984, 48614, 48833, 49991, 48675,
50124, 48671, 50033, 50013, 49639, 48530, 50059, 50192, 48668,
49149, 48567, 48545, 50121, 50230, 48628, 48657, 50238, 50240,
50264, 50262, 50099, 50250, 48564, 50018, 50286, 50044, 50309,
50245, 49085, 48473, 48659, 50241, 50340, 48638, 50363, 50329,
50049, 50353, 48639, 50387, 49125, 50129, 50411, 48538, 48640,
48534, 48632, 50641, 50748, 48687, 50388, 50814, 50820, 50978,
50007, 51012, 51056, 50767, 51095, 51113, 50960, 51093, 50757,
51115, 50034, 50273, 51130, 51133, 51139, 50747, 50306, 50738,
48484, 49957, 48456, 50043, 50046, 51132, 50830, 50741, 48485,
50759, 51181, 50758, 51177, 51206, 51165, 50734, 50951, 50179,
51159, 50703, 50952, 50336, 50755, 51238, 50736, 51265, 51311,
49170, 50303, 51328, 51083, 50762, 50761, 50961, 48514, 51004,
51348, 51355, 50752, 50735, 51378, 51387, 51330, 51399, 50247,
51435, 51112, 51312, 50217, 51455, 50218, 51461, 51673, 51791,
51862, 53165, 53774, 53845, 52314, 54280, 54395, 54569, 54664,
55060, 56047, 56088, 56217, 56426, 56548, 57115, 57392, 57484,
57578, 58043, 51679, 58189, 58454, 58555, 59041, 59095, 59253,
59269, 59740, 59921, 60173, 60695, 61312, 61412, 61491, 61968,
62030, 62146, 62622, 62729, 62772, 62974, 63696, 63962, 64008,
60295, 64751, 64673, 65354, 65520, 65647, 57783, 66014, 66350,
66703, 66981, 67046, 67026, 67291, 67853, 67162, 68296, 68481,
69226, 70164, 70473, 70617, 57464, 70938, 68511, 73116, 73605,
73741, 74390, 74885, 74994, 75038, 68547, 75479, 75639, 75857,
75971, 76708, 76944, 77173, 77133, 77541, 77994, 78005, 78003,
79333, 79396, 79453, 63734, 80080, 80199, 80711, 76661, 81299,
81515, 81779, 81990, 72242, 82669, 82706, 82750, 52437, 82851,
82858, 82895, 82886, 82974, 83031, 83224, 83398, 83409, 83599,
83837, 61487, 84882, 85091, 85109, 86023, 86166, 76938, 86382,
86922, 87021, 86751, 87681, 87921, 88136, 88336, 88569, 88737,
89584, 89969, 90109, 90121, 91081, 91743, 93155, 72689, 94969,
95357, 95367, 95605, 95640, 96466, 96538, 90105, 96639, 96780,
89290, 76680, 97020, 97156, 97210, 97451, 97843, 97866, 51140,
57446, 98866, 98998, 99103, 63989, 99182, 99209, 99687, 75325,
99783, 53499, 99979, 99762, 98502, 98666, 100667, 100688, 100727,
100945, 101045, 101130, 101188, 101628, 102005, 58195, 103094,
103172, 102410, 104065, 104092, 104124, 104395, 104465, 104870,
104927, 105114, 105484, 105766, 105788, 106008, 106632, 106841,
107266, 107299, 70962, 107452, 50699, 107375, 107578, 107651,
78852, 107807, 51035, 89540, 108027, 71454, 108863, 108920, 109044,
109087, 82771, 109209, 109231, 109686, 109880, 110088, 110144,
110222, 110273, 110407, 110460, 110481, 110511, 110548, 110836,
111363, 55220, 111496, 111782, 111819, 98215, 112012, 112089,
112125, 112186, 112352, 79886, 55268, 112564, 112693, 50768, 50828,
50770, 50696, 112746, 51449, 112908, 112930, 113091, 113142,
113239, 113354, 113202, 108162, 113424, 113660, 113711, 113742,
113907, 50839, 113984, 113987, 51010, 111691, 48512, 100410,
114474, 114512, 114583, 114600, 114687, 114865, 74388, 55244,
115062, 102675, 115086, 115122, 115310, 115395, 114105, 115363,
115458, 115424, 115482, 115516, 115823, 61068, 116189, 116445,
116647, 114700, 116740, 117041, 115871, 117274, 108164, 117492,
117674, 117938, 118131, 118232, 118307, 104233, 118757, 118801,
118949, 57271, 119481, 119515, 119876, 120127, 119321, 120544,
95740, 120587, 120699, 120799, 120820, 120846, 120881, 120994,
50781, 121033, 121197, 50785, 121414, 50787, 121909, 50794, 122385,
88812, 122545, 122867, 123068, 123102, 123145, 123391, 54476,
123618, 123651, 122715, 123862, 123866, 123888, 123916, 50765,
50784, 124368, 50788, 80967, 124625, 124736, 124766, 124572, 84958,
125372, 125585, 125611, 59434, 125774, 125848, 78704, 126114,
126121, 50733, 126209, 126364, 126454, 50739, 51458, 69052, 107984,
126081, 126560, 126639, 96864, 126656, 126661, 124802, 126829,
126852, 126869, 127287, 127358, 127773, 50135, 126628, 51309,
128257, 128263, 128258, 128271, 128280, 128277, 128251, 128301,
128299, 128314, 128338, 128372, 128365, 128399, 128410, 128443,
128496, 128517, 128529, 128543, 128536, 128562, 128561, 128565,
128545, 128560, 128558, 128753, 128790, 128792, 128822, 128870,
128897, 128686, 128956, 128987, 129003, 129030, 128544, 129044,
129076, 129095, 51422, 129216, 129249, 129248, 129241, 127935,
129333, 129346, 129400, 129509, 129534, 129547, 129582, 129589,
129609, 129601, 129610, 129663, 129665, 129713, 129783, 129831,
129855, 129977, 130056, 130111, 130235, 130390, 130829, 57934,
131218, 130754, 128550, 129864, 128348, 131519, 128537, 128391,
131817, 131819, 131840, 132068, 129903, 132219, 132288, 132370,
132492, 132488, 132514, 132553, 132642, 132422, 128274, 132654,
132555, 51473, 133036, 129885, 133565, 133564, 133571, 133591,
133729, 133726, 133750, 133861, 133959, 134140, 133976, 134179,
133946, 134366, 134356, 134467, 134481, 134589, 134624, 131936,
134686, 134674, 111155, 135055, 60655, 134559, 135109, 135184,
135205, 135202, 135367, 135365, 135134, 135410, 135344, 130476,
135596, 131800, 131462, 135613, 135638, 134341, 128264, 128058,
135849, 133866, 113060, 57527, 136500, 136495, 136504, 136395,
136779, 136797, 136983, 137030, 137212, 137373, 137385, 137778,
137917, 137474, 137971, 137996, 137118, 137994, 138016, 138022,
138141, 138140, 138160, 138189, 136414, 138275, 137293, 138347,
138436, 132832, 138698, 138900, 138963, 139054, 50687, 139173,
139493, 139525, 139509, 139534, 139797, 134849, 139860, 139906,
139972, 140135, 139975, 140308, 140402, 140414, 140369, 140432,
140629, 140641, 140803, 140860, 140893, 141096, 141165, 141211,
141346, 141290, 141427, 52477, 141620, 141671, 141693, 141841,
141869, 141396, 141980, 142173, 137429, 138202, 142274, 142380,
142486, 142553, 135521, 142571, 142560, 138068, 135799, 142589,
142597, 139689, 142650, 142730, 142746, 142901, 142958, 129062,
138090, 143093, 135779, 143127, 50697, 143146, 143156, 143178,
143182, 143190, 143191, 142708, 143184, 143282, 143476, 143545,
91377, 143523, 143781, 143814, 50809, 143952, 144116, 144223,
144279, 144677, 144719, 82683, 145036, 145095, 145208, 145367,
145455, 145476, 145702, 50700, 146221, 146288, 146679, 137420,
147030, 146958, 147113, 94766, 147262, 147266, 147442, 147623,
147698, 143778, 136888, 146756, 148103, 148166, 148285, 148352,
51041, 71073, 149097, 136442, 149602, 138572, 150033, 150091,
50672, 142577, 147898, 138125, 51175, 150182, 150184, 129850,
150198, 150185, 150199, 138008, 147987, 129734, 150221, 150224,
150225, 150226, 56397, 150498, 150201, 129706, 147948, 50673,
50801, 50803, 50806, 50780, 50675, 50676, 50677, 50679, 50680,
50682, 50686, 48450, 50804, 153696, 50796, 149750, 50811, 156867